FF E2 00 AB 75 72 6E 3A 69 73 6F 3A 73 74 64 3A
69 73 6F 3A 74 73 3A 32 31 34 39 36 3A 2D 31 00
00 00 00 00 C0 00 00 00 00 00 00 00 01 00 01 45
3E 00 00 80 00 FC 23 05 14 40 00 00 00 00 01 1F
E1 00 00 80 00 10 4B 9F 0A 40 00 00 00 01 00 00
00 40 00 00 00 01 00 00 00 40 00 00 00 FD DB 68
04 40 00 00 00 00 01 11 68 00 00 80 00 10 28 F9
53 40 00 00 00 01 00 00 00 40 00 00 00 01 00 00
00 40 00 00 00 F7 16 7B 90 40 00 00 00 00 01 0F
9A 00 00 80 00 12 95 A8 3F 40 00 00 00 01 00 00
00 40 00 00 00 01 00 00 00 40 00 00 00
